WenSL5_1.bin 
         5.00
11
7
Type of measurement (0=app. resistivity,1=resistance)
0
288
 2
0
4  0.00  0.00 165.00  0.00 80.00  0.00 85.00  0.00 502827.62 
4  0.00  0.00 155.00  0.00 75.00  0.00 80.00  0.00 1465552.75 
4  0.00  0.00 145.00  0.00 70.00  0.00 75.00  0.00 350222.53 
4  0.00  0.00 135.00  0.00 65.00  0.00 70.00  0.00 1267673.88 
4  0.00  0.00 125.00  0.00 60.00  0.00 65.00  0.00 750341.81 
4  0.00  0.00 115.00  0.00 55.00  0.00 60.00  0.00 277309.53 
4  0.00  0.00 105.00  0.00 50.00  0.00 55.00  0.00 518362.75 
4  0.00  0.00 95.00  0.00 45.00  0.00 50.00  0.00 826585.19 
4  0.00  0.00 85.00  0.00 40.00  0.00 45.00  0.00 656176.62 
4  0.00  0.00 75.00  0.00 35.00  0.00 40.00  0.00 991910.88 
4  0.00  0.00 65.00  0.00 30.00  0.00 35.00  0.00 687493.88 
4  0.00  0.00 55.00  0.00 25.00  0.00 30.00  0.00 640835.56 
4  0.00  0.00 45.00  0.00 20.00  0.00 25.00  0.00 1361515.75 
4  0.00  0.00 35.00  0.00 15.00  0.00 20.00  0.00 538523.56 
4  0.00  0.00 25.00  0.00 10.00  0.00 15.00  0.00 351399.28 
4  0.00  0.00 15.00  0.00 5.00  0.00 10.00  0.00 355002.62 
4  5.00  0.00 170.00  0.00 85.00  0.00 90.00  0.00 266595.56 
4  5.00  0.00 160.00  0.00 80.00  0.00 85.00  0.00 431902.31 
4  5.00  0.00 150.00  0.00 75.00  0.00 80.00  0.00 1249193.25 
4  5.00  0.00 140.00  0.00 70.00  0.00 75.00  0.00 333831.94 
4  5.00  0.00 130.00  0.00 65.00  0.00 70.00  0.00 934434.75 
4  5.00  0.00 120.00  0.00 60.00  0.00 65.00  0.00 693171.31 
4  5.00  0.00 110.00  0.00 55.00  0.00 60.00  0.00 268433.88 
4  5.00  0.00 100.00  0.00 50.00  0.00 55.00  0.00 464910.62 
4  5.00  0.00 90.00  0.00 45.00  0.00 50.00  0.00 784168.50 
4  5.00  0.00 80.00  0.00 40.00  0.00 45.00  0.00 596211.50 
4  5.00  0.00 70.00  0.00 35.00  0.00 40.00  0.00 971568.62 
4  5.00  0.00 60.00  0.00 30.00  0.00 35.00  0.00 605636.44 
4  5.00  0.00 50.00  0.00 25.00  0.00 30.00  0.00 506969.16 
4  5.00  0.00 40.00  0.00 20.00  0.00 25.00  0.00 1083401.62 
4  5.00  0.00 30.00  0.00 15.00  0.00 20.00  0.00 349258.75 
4  5.00  0.00 20.00  0.00 10.00  0.00 15.00  0.00 263340.84 
4  10.00  0.00 175.00  0.00 90.00  0.00 95.00  0.00 95099.05 
4  10.00  0.00 165.00  0.00 85.00  0.00 90.00  0.00 264988.25 
4  10.00  0.00 155.00  0.00 80.00  0.00 85.00  0.00 395746.53 
4  10.00  0.00 145.00  0.00 75.00  0.00 80.00  0.00 1345129.50 
4  10.00  0.00 135.00  0.00 70.00  0.00 75.00  0.00 302859.16 
4  10.00  0.00 125.00  0.00 65.00  0.00 70.00  0.00 938718.00 
4  10.00  0.00 115.00  0.00 60.00  0.00 65.00  0.00 680063.19 
4  10.00  0.00 105.00  0.00 55.00  0.00 60.00  0.00 271094.19 
4  10.00  0.00 95.00  0.00 50.00  0.00 55.00  0.00 420983.09 
4  10.00  0.00 85.00  0.00 45.00  0.00 50.00  0.00 643900.88 
4  10.00  0.00 75.00  0.00 40.00  0.00 45.00  0.00 716883.69 
4  10.00  0.00 65.00  0.00 35.00  0.00 40.00  0.00 830996.50 
4  10.00  0.00 55.00  0.00 30.00  0.00 35.00  0.00 510677.94 
4  10.00  0.00 45.00  0.00 25.00  0.00 30.00  0.00 344444.12 
4  10.00  0.00 35.00  0.00 20.00  0.00 25.00  0.00 954855.75 
4  10.00  0.00 25.00  0.00 15.00  0.00 20.00  0.00 196491.95 
4  15.00  0.00 170.00  0.00 90.00  0.00 95.00  0.00 95883.39 
4  15.00  0.00 160.00  0.00 85.00  0.00 90.00  0.00 209489.64 
4  15.00  0.00 150.00  0.00 80.00  0.00 85.00  0.00 485318.25 
4  15.00  0.00 140.00  0.00 75.00  0.00 80.00  0.00 1208758.25 
4  15.00  0.00 130.00  0.00 70.00  0.00 75.00  0.00 417138.41 
4  15.00  0.00 120.00  0.00 65.00  0.00 70.00  0.00 981314.31 
4  15.00  0.00 110.00  0.00 60.00  0.00 65.00  0.00 632873.56 
4  15.00  0.00 100.00  0.00 55.00  0.00 60.00  0.00 252530.19 
4  15.00  0.00 90.00  0.00 50.00  0.00 55.00  0.00 358151.25 
4  15.00  0.00 80.00  0.00 45.00  0.00 50.00  0.00 595943.06 
4  15.00  0.00 70.00  0.00 40.00  0.00 45.00  0.00 536521.31 
4  15.00  0.00 60.00  0.00 35.00  0.00 40.00  0.00 648005.75 
4  15.00  0.00 50.00  0.00 30.00  0.00 35.00  0.00 345435.50 
4  15.00  0.00 40.00  0.00 25.00  0.00 30.00  0.00 272564.59 
4  15.00  0.00 30.00  0.00 20.00  0.00 25.00  0.00 463093.75 
4  20.00  0.00 175.00  0.00 95.00  0.00 100.00  0.00 259898.75 
4  20.00  0.00 165.00  0.00 90.00  0.00 95.00  0.00 89765.02 
4  20.00  0.00 155.00  0.00 85.00  0.00 90.00  0.00 177996.06 
4  20.00  0.00 145.00  0.00 80.00  0.00 85.00  0.00 366818.53 
4  20.00  0.00 135.00  0.00 75.00  0.00 80.00  0.00 1149798.75 
4  20.00  0.00 125.00  0.00 70.00  0.00 75.00  0.00 371925.28 
4  20.00  0.00 115.00  0.00 65.00  0.00 70.00  0.00 904778.38 
4  20.00  0.00 105.00  0.00 60.00  0.00 65.00  0.00 628519.56 
4  20.00  0.00 95.00  0.00 55.00  0.00 60.00  0.00 219911.48 
4  20.00  0.00 85.00  0.00 50.00  0.00 55.00  0.00 326091.94 
4  20.00  0.00 75.00  0.00 45.00  0.00 50.00  0.00 545753.75 
4  20.00  0.00 65.00  0.00 40.00  0.00 45.00  0.00 469261.41 
4  20.00  0.00 55.00  0.00 35.00  0.00 40.00  0.00 499117.31 
4  20.00  0.00 45.00  0.00 30.00  0.00 35.00  0.00 236342.02 
4  20.00  0.00 35.00  0.00 25.00  0.00 30.00  0.00 159886.11 
4  25.00  0.00 170.00  0.00 95.00  0.00 100.00  0.00 274364.88 
4  25.00  0.00 160.00  0.00 90.00  0.00 95.00  0.00 90596.27 
4  25.00  0.00 150.00  0.00 85.00  0.00 90.00  0.00 149749.16 
4  25.00  0.00 140.00  0.00 80.00  0.00 85.00  0.00 381176.88 
4  25.00  0.00 130.00  0.00 75.00  0.00 80.00  0.00 1178822.88 
4  25.00  0.00 120.00  0.00 70.00  0.00 75.00  0.00 250757.91 
4  25.00  0.00 110.00  0.00 65.00  0.00 70.00  0.00 919600.44 
4  25.00  0.00 100.00  0.00 60.00  0.00 65.00  0.00 626732.62 
4  25.00  0.00 90.00  0.00 55.00  0.00 60.00  0.00 226464.80 
4  25.00  0.00 80.00  0.00 50.00  0.00 55.00  0.00 319971.31 
4  25.00  0.00 70.00  0.00 45.00  0.00 50.00  0.00 597949.69 
4  25.00  0.00 60.00  0.00 40.00  0.00 45.00  0.00 442952.34 
4  25.00  0.00 50.00  0.00 35.00  0.00 40.00  0.00 391499.25 
4  25.00  0.00 40.00  0.00 30.00  0.00 35.00  0.00 185005.08 
4  30.00  0.00 175.00  0.00 100.00  0.00 105.00  0.00 402266.75 
4  30.00  0.00 165.00  0.00 95.00  0.00 100.00  0.00 246549.27 
4  30.00  0.00 155.00  0.00 90.00  0.00 95.00  0.00 120001.59 
4  30.00  0.00 145.00  0.00 85.00  0.00 90.00  0.00 182608.52 
4  30.00  0.00 135.00  0.00 80.00  0.00 85.00  0.00 345650.31 
4  30.00  0.00 125.00  0.00 75.00  0.00 80.00  0.00 947684.56 
4  30.00  0.00 115.00  0.00 70.00  0.00 75.00  0.00 220162.81 
4  30.00  0.00 105.00  0.00 65.00  0.00 70.00  0.00 805554.62 
4  30.00  0.00 95.00  0.00 60.00  0.00 65.00  0.00 511451.16 
4  30.00  0.00 85.00  0.00 55.00  0.00 60.00  0.00 187003.38 
4  30.00  0.00 75.00  0.00 50.00  0.00 55.00  0.00 300587.53 
4  30.00  0.00 65.00  0.00 45.00  0.00 50.00  0.00 359421.28 
4  30.00  0.00 55.00  0.00 40.00  0.00 45.00  0.00 296871.56 
4  30.00  0.00 45.00  0.00 35.00  0.00 40.00  0.00 195438.45 
4  35.00  0.00 170.00  0.00 100.00  0.00 105.00  0.00 375127.38 
4  35.00  0.00 160.00  0.00 95.00  0.00 100.00  0.00 225392.52 
4  35.00  0.00 150.00  0.00 90.00  0.00 95.00  0.00 176301.11 
4  35.00  0.00 140.00  0.00 85.00  0.00 90.00  0.00 162809.09 
4  35.00  0.00 130.00  0.00 80.00  0.00 85.00  0.00 319287.78 
4  35.00  0.00 120.00  0.00 75.00  0.00 80.00  0.00 969842.88 
4  35.00  0.00 110.00  0.00 70.00  0.00 75.00  0.00 194294.50 
4  35.00  0.00 100.00  0.00 65.00  0.00 70.00  0.00 606829.81 
4  35.00  0.00 90.00  0.00 60.00  0.00 65.00  0.00 425652.88 
4  35.00  0.00 80.00  0.00 55.00  0.00 60.00  0.00 154642.97 
4  35.00  0.00 70.00  0.00 50.00  0.00 55.00  0.00 208193.30 
4  35.00  0.00 60.00  0.00 45.00  0.00 50.00  0.00 251597.61 
4  35.00  0.00 50.00  0.00 40.00  0.00 45.00  0.00 129772.09 
4  40.00  0.00 175.00  0.00 105.00  0.00 110.00  0.00 292734.28 
4  40.00  0.00 165.00  0.00 100.00  0.00 105.00  0.00 354049.12 
4  40.00  0.00 155.00  0.00 95.00  0.00 100.00  0.00 199963.81 
4  40.00  0.00 145.00  0.00 90.00  0.00 95.00  0.00 78828.05 
4  40.00  0.00 135.00  0.00 85.00  0.00 90.00  0.00 153442.56 
4  40.00  0.00 125.00  0.00 80.00  0.00 85.00  0.00 309038.47 
4  40.00  0.00 115.00  0.00 75.00  0.00 80.00  0.00 876682.94 
4  40.00  0.00 105.00  0.00 70.00  0.00 75.00  0.00 176992.03 
4  40.00  0.00 95.00  0.00 65.00  0.00 70.00  0.00 628130.25 
4  40.00  0.00 85.00  0.00 60.00  0.00 65.00  0.00 386819.78 
4  40.00  0.00 75.00  0.00 55.00  0.00 60.00  0.00 157714.20 
4  40.00  0.00 65.00  0.00 50.00  0.00 55.00  0.00 155811.44 
4  40.00  0.00 55.00  0.00 45.00  0.00 50.00  0.00 132940.78 
4  45.00  0.00 170.00  0.00 105.00  0.00 110.00  0.00 279161.72 
4  45.00  0.00 160.00  0.00 100.00  0.00 105.00  0.00 343695.59 
4  45.00  0.00 150.00  0.00 95.00  0.00 100.00  0.00 170627.73 
4  45.00  0.00 140.00  0.00 90.00  0.00 95.00  0.00 72648.38 
4  45.00  0.00 130.00  0.00 85.00  0.00 90.00  0.00 145742.73 
4  45.00  0.00 120.00  0.00 80.00  0.00 85.00  0.00 281942.81 
4  45.00  0.00 110.00  0.00 75.00  0.00 80.00  0.00 810886.62 
4  45.00  0.00 100.00  0.00 70.00  0.00 75.00  0.00 154262.39 
4  45.00  0.00 90.00  0.00 65.00  0.00 70.00  0.00 492039.44 
4  45.00  0.00 80.00  0.00 60.00  0.00 65.00  0.00 272740.44 
4  45.00  0.00 70.00  0.00 55.00  0.00 60.00  0.00 102576.93 
4  45.00  0.00 60.00  0.00 50.00  0.00 55.00  0.00 96631.20 
4  50.00  0.00 175.00  0.00 110.00  0.00 115.00  0.00 368810.78 
4  50.00  0.00 165.00  0.00 105.00  0.00 110.00  0.00 256379.67 
4  50.00  0.00 155.00  0.00 100.00  0.00 105.00  0.00 298451.28 
4  50.00  0.00 145.00  0.00 95.00  0.00 100.00  0.00 201984.67 
4  50.00  0.00 135.00  0.00 90.00  0.00 95.00  0.00 72859.30 
4  50.00  0.00 125.00  0.00 85.00  0.00 90.00  0.00 131643.58 
4  50.00  0.00 115.00  0.00 80.00  0.00 85.00  0.00 267951.03 
4  50.00  0.00 105.00  0.00 75.00  0.00 80.00  0.00 733122.31 
4  50.00  0.00 95.00  0.00 70.00  0.00 75.00  0.00 119430.77 
4  50.00  0.00 85.00  0.00 65.00  0.00 70.00  0.00 534416.31 
4  50.00  0.00 75.00  0.00 60.00  0.00 65.00  0.00 402136.47 
4  50.00  0.00 65.00  0.00 55.00  0.00 60.00  0.00 64607.77 
4  55.00  0.00 170.00  0.00 110.00  0.00 115.00  0.00 340257.12 
4  55.00  0.00 160.00  0.00 105.00  0.00 110.00  0.00 231979.69 
4  55.00  0.00 150.00  0.00 100.00  0.00 105.00  0.00 257902.19 
4  55.00  0.00 140.00  0.00 95.00  0.00 100.00  0.00 175979.47 
4  55.00  0.00 130.00  0.00 90.00  0.00 95.00  0.00 62454.86 
4  55.00  0.00 120.00  0.00 85.00  0.00 90.00  0.00 108196.41 
4  55.00  0.00 110.00  0.00 80.00  0.00 85.00  0.00 220997.66 
4  55.00  0.00 100.00  0.00 75.00  0.00 80.00  0.00 627522.50 
4  55.00  0.00 90.00  0.00 70.00  0.00 75.00  0.00 85828.30 
4  55.00  0.00 80.00  0.00 65.00  0.00 70.00  0.00 280808.81 
4  55.00  0.00 70.00  0.00 60.00  0.00 65.00  0.00 295843.78 
4  60.00  0.00 175.00  0.00 115.00  0.00 120.00  0.00 173688.72 
4  60.00  0.00 165.00  0.00 110.00  0.00 115.00  0.00 295466.75 
4  60.00  0.00 155.00  0.00 105.00  0.00 110.00  0.00 206308.31 
4  60.00  0.00 145.00  0.00 100.00  0.00 105.00  0.00 254846.02 
4  60.00  0.00 135.00  0.00 95.00  0.00 100.00  0.00 165102.78 
4  60.00  0.00 125.00  0.00 90.00  0.00 95.00  0.00 61421.26 
4  60.00  0.00 115.00  0.00 85.00  0.00 90.00  0.00 93189.94 
4  60.00  0.00 105.00  0.00 80.00  0.00 85.00  0.00 181709.67 
4  60.00  0.00 95.00  0.00 75.00  0.00 80.00  0.00 402168.69 
4  60.00  0.00 85.00  0.00 70.00  0.00 75.00  0.00 54864.00 
4  60.00  0.00 75.00  0.00 65.00  0.00 70.00  0.00 365090.75 
4  65.00  0.00 170.00  0.00 115.00  0.00 120.00  0.00 164148.22 
4  65.00  0.00 160.00  0.00 110.00  0.00 115.00  0.00 281821.22 
4  65.00  0.00 150.00  0.00 105.00  0.00 110.00  0.00 199202.11 
4  65.00  0.00 140.00  0.00 100.00  0.00 105.00  0.00 262316.50 
4  65.00  0.00 130.00  0.00 95.00  0.00 100.00  0.00 156650.23 
4  65.00  0.00 120.00  0.00 90.00  0.00 95.00  0.00 59044.98 
4  65.00  0.00 110.00  0.00 85.00  0.00 90.00  0.00 82447.16 
4  65.00  0.00 100.00  0.00 80.00  0.00 85.00  0.00 153418.23 
4  65.00  0.00 90.00  0.00 75.00  0.00 80.00  0.00 265276.12 
4  65.00  0.00 80.00  0.00 70.00  0.00 75.00  0.00 32927.82 
4  70.00  0.00 175.00  0.00 120.00  0.00 125.00  0.00 156616.00 
4  70.00  0.00 165.00  0.00 115.00  0.00 120.00  0.00 182981.98 
4  70.00  0.00 155.00  0.00 110.00  0.00 115.00  0.00 271268.09 
4  70.00  0.00 145.00  0.00 105.00  0.00 110.00  0.00 219178.47 
4  70.00  0.00 135.00  0.00 100.00  0.00 105.00  0.00 277088.38 
4  70.00  0.00 125.00  0.00 95.00  0.00 100.00  0.00 166176.05 
4  70.00  0.00 115.00  0.00 90.00  0.00 95.00  0.00 58474.59 
4  70.00  0.00 105.00  0.00 85.00  0.00 90.00  0.00 93901.34 
4  70.00  0.00 95.00  0.00 80.00  0.00 85.00  0.00 125302.44 
4  70.00  0.00 85.00  0.00 75.00  0.00 80.00  0.00 369875.41 
4  75.00  0.00 170.00  0.00 120.00  0.00 125.00  0.00 138663.22 
4  75.00  0.00 160.00  0.00 115.00  0.00 120.00  0.00 154684.86 
4  75.00  0.00 150.00  0.00 110.00  0.00 115.00  0.00 270727.97 
4  75.00  0.00 140.00  0.00 105.00  0.00 110.00  0.00 183323.64 
4  75.00  0.00 130.00  0.00 100.00  0.00 105.00  0.00 233362.55 
4  75.00  0.00 120.00  0.00 95.00  0.00 100.00  0.00 128046.05 
4  75.00  0.00 110.00  0.00 90.00  0.00 95.00  0.00 49991.00 
4  75.00  0.00 100.00  0.00 85.00  0.00 90.00  0.00 65762.34 
4  75.00  0.00 90.00  0.00 80.00  0.00 85.00  0.00 66020.57 
4  80.00  0.00 175.00  0.00 125.00  0.00 130.00  0.00 167153.33 
4  80.00  0.00 165.00  0.00 120.00  0.00 125.00  0.00 145249.31 
4  80.00  0.00 155.00  0.00 115.00  0.00 120.00  0.00 150126.27 
4  80.00  0.00 145.00  0.00 110.00  0.00 115.00  0.00 264817.34 
4  80.00  0.00 135.00  0.00 105.00  0.00 110.00  0.00 207000.38 
4  80.00  0.00 125.00  0.00 100.00  0.00 105.00  0.00 241085.78 
4  80.00  0.00 115.00  0.00 95.00  0.00 100.00  0.00 124618.17 
4  80.00  0.00 105.00  0.00 90.00  0.00 95.00  0.00 46646.37 
4  80.00  0.00 95.00  0.00 85.00  0.00 90.00  0.00 36541.21 
4  85.00  0.00 170.00  0.00 125.00  0.00 130.00  0.00 145141.58 
4  85.00  0.00 160.00  0.00 120.00  0.00 125.00  0.00 127895.20 
4  85.00  0.00 150.00  0.00 115.00  0.00 120.00  0.00 123541.34 
4  85.00  0.00 140.00  0.00 110.00  0.00 115.00  0.00 217170.53 
4  85.00  0.00 130.00  0.00 105.00  0.00 110.00  0.00 171923.62 
4  85.00  0.00 120.00  0.00 100.00  0.00 105.00  0.00 201784.47 
4  85.00  0.00 110.00  0.00 95.00  0.00 100.00  0.00 88176.25 
4  85.00  0.00 100.00  0.00 90.00  0.00 95.00  0.00 29338.55 
4  90.00  0.00 175.00  0.00 130.00  0.00 135.00  0.00 79785.03 
4  90.00  0.00 165.00  0.00 125.00  0.00 130.00  0.00 121033.79 
4  90.00  0.00 155.00  0.00 120.00  0.00 125.00  0.00 100742.57 
4  90.00  0.00 145.00  0.00 115.00  0.00 120.00  0.00 114957.53 
4  90.00  0.00 135.00  0.00 110.00  0.00 115.00  0.00 191218.23 
4  90.00  0.00 125.00  0.00 105.00  0.00 110.00  0.00 123521.94 
4  90.00  0.00 115.00  0.00 100.00  0.00 105.00  0.00 131183.00 
4  90.00  0.00 105.00  0.00 95.00  0.00 100.00  0.00 50060.60 
4  95.00  0.00 170.00  0.00 130.00  0.00 135.00  0.00 66109.33 
4  95.00  0.00 160.00  0.00 125.00  0.00 130.00  0.00 98598.34 
4  95.00  0.00 150.00  0.00 120.00  0.00 125.00  0.00 79266.34 
4  95.00  0.00 140.00  0.00 115.00  0.00 120.00  0.00 86138.52 
4  95.00  0.00 130.00  0.00 110.00  0.00 115.00  0.00 156738.52 
4  95.00  0.00 120.00  0.00 105.00  0.00 110.00  0.00 90644.19 
4  95.00  0.00 110.00  0.00 100.00  0.00 105.00  0.00 84842.34 
4  100.00  0.00 175.00  0.00 135.00  0.00 140.00  0.00 126449.11 
4  100.00  0.00 165.00  0.00 130.00  0.00 135.00  0.00 62243.91 
4  100.00  0.00 155.00  0.00 125.00  0.00 130.00  0.00 87384.11 
4  100.00  0.00 145.00  0.00 120.00  0.00 125.00  0.00 85379.49 
4  100.00  0.00 135.00  0.00 115.00  0.00 120.00  0.00 95023.28 
4  100.00  0.00 125.00  0.00 110.00  0.00 115.00  0.00 119147.16 
4  100.00  0.00 115.00  0.00 105.00  0.00 110.00  0.00 39018.58 
4  105.00  0.00 170.00  0.00 135.00  0.00 140.00  0.00 125559.42 
4  105.00  0.00 160.00  0.00 130.00  0.00 135.00  0.00 64393.00 
4  105.00  0.00 150.00  0.00 125.00  0.00 130.00  0.00 88233.86 
4  105.00  0.00 140.00  0.00 120.00  0.00 125.00  0.00 75586.71 
4  105.00  0.00 130.00  0.00 115.00  0.00 120.00  0.00 73065.60 
4  105.00  0.00 120.00  0.00 110.00  0.00 115.00  0.00 82056.74 
4  110.00  0.00 175.00  0.00 140.00  0.00 145.00  0.00 27412.76 
4  110.00  0.00 165.00  0.00 135.00  0.00 140.00  0.00 116113.30 
4  110.00  0.00 155.00  0.00 130.00  0.00 135.00  0.00 59140.48 
4  110.00  0.00 145.00  0.00 125.00  0.00 130.00  0.00 74581.40 
4  110.00  0.00 135.00  0.00 120.00  0.00 125.00  0.00 73090.43 
4  110.00  0.00 125.00  0.00 115.00  0.00 120.00  0.00 47406.63 
4  115.00  0.00 170.00  0.00 140.00  0.00 145.00  0.00 25863.89 
4  115.00  0.00 160.00  0.00 135.00  0.00 140.00  0.00 106028.74 
4  115.00  0.00 150.00  0.00 130.00  0.00 135.00  0.00 56766.16 
4  115.00  0.00 140.00  0.00 125.00  0.00 130.00  0.00 58573.48 
4  115.00  0.00 130.00  0.00 120.00  0.00 125.00  0.00 46366.77 
4  120.00  0.00 175.00  0.00 145.00  0.00 150.00  0.00 81880.97 
4  120.00  0.00 165.00  0.00 140.00  0.00 145.00  0.00 21865.48 
4  120.00  0.00 155.00  0.00 135.00  0.00 140.00  0.00 89357.06 
4  120.00  0.00 145.00  0.00 130.00  0.00 135.00  0.00 48917.46 
4  120.00  0.00 135.00  0.00 125.00  0.00 130.00  0.00 35444.14 
4  125.00  0.00 170.00  0.00 145.00  0.00 150.00  0.00 66641.02 
4  125.00  0.00 160.00  0.00 140.00  0.00 145.00  0.00 17526.07 
4  125.00  0.00 150.00  0.00 135.00  0.00 140.00  0.00 64763.94 
4  125.00  0.00 140.00  0.00 130.00  0.00 135.00  0.00 23066.02 
4  130.00  0.00 175.00  0.00 150.00  0.00 155.00  0.00 20008.69 
4  130.00  0.00 165.00  0.00 145.00  0.00 150.00  0.00 47833.51 
4  130.00  0.00 155.00  0.00 140.00  0.00 145.00  0.00 12831.16 
4  130.00  0.00 145.00  0.00 135.00  0.00 140.00  0.00 42019.34 
4  135.00  0.00 170.00  0.00 150.00  0.00 155.00  0.00 16597.53 
4  135.00  0.00 160.00  0.00 145.00  0.00 150.00  0.00 33769.27 
4  135.00  0.00 150.00  0.00 140.00  0.00 145.00  0.00 10118.34 
4  140.00  0.00 175.00  0.00 155.00  0.00 160.00  0.00 7960.79 
4  140.00  0.00 165.00  0.00 150.00  0.00 155.00  0.00 11236.17 
4  140.00  0.00 155.00  0.00 145.00  0.00 150.00  0.00 15620.00 
4  145.00  0.00 170.00  0.00 155.00  0.00 160.00  0.00 7165.73 
4  145.00  0.00 160.00  0.00 150.00  0.00 155.00  0.00 2814.87 
4  150.00  0.00 175.00  0.00 160.00  0.00 165.00  0.00 7586.95 
4  150.00  0.00 165.00  0.00 155.00  0.00 160.00  0.00 33133.33 
4  155.00  0.00 170.00  0.00 160.00  0.00 165.00  0.00 9775.19 
4  160.00  0.00 175.00  0.00 165.00  0.00 170.00  0.00 11751.65 
Topography in seperate file
2
36
0	2864.3132
5	2864.4901
10	2864.6822
15	2864.642
20	2863.8537
25	2864.8429
30	2863.3974
35	2864.0427
40	2863.2049
45	2864.9078
50	2864.5689
55	2866.6963
60	2867.2288
65	2869.3798
70	2871.5059
75	2870.0342
80	2868.2046
85	2868.2062
90	2868.1953
95	2868.9948
100	2868.9639
105	2868.8633
110	2870.1459
115	2870.271
120	2870.7789
125	2870.173
130	2869.3889
135	2867.9261
140	2865.901
145	2863.2916
150	2862.0475
155	2861.6221
160	2862.6807
165	2863.4851
170	2865.0837
175	2866.6266
1
0
0
0
0

