36# Number of electrodes
# x	z
0	0.0
5	0.0
10	0.0
15	0.0
20	0.0
25	0.0
30	0.0
35	0.0
40	0.0
45	0.0
50	0.0
55	0.0
60	0.0
65	0.0
70	0.0
75	0.0
80	0.0
85	0.0
90	0.0
95	0.0
100	0.0
105	0.0
110	0.0
115	0.0
120	0.0
125	0.0
130	0.0
135	0.0
140	0.0
145	0.0
150	0.0
155	0.0
160	0.0
165	0.0
170	0.0
175	0.0
288# Number of data
#a	b	m	n	rhoa	err
4	1	3	2	502827.62	0.0000
5	2	4	3	1465552.75	0.0000
6	3	5	4	350222.53	0.0000
7	4	6	5	1267673.88	0.0000
8	5	7	6	750341.81	0.0000
9	6	8	7	277309.53	0.0000
10	7	9	8	518362.75	0.0000
11	8	10	9	826585.19	0.0000
12	9	11	10	656176.62	0.0000
13	10	12	11	991910.88	0.0000
14	11	13	12	687493.88	0.0000
15	12	14	13	640835.56	0.0000
16	13	15	14	1361515.75	0.0000
17	14	16	15	538523.56	0.0000
18	15	17	16	351399.28	0.0000
19	16	18	17	355002.62	0.0000
20	17	19	18	266595.56	0.0000
21	18	20	19	431902.31	0.0000
22	19	21	20	1249193.25	0.0000
23	20	22	21	333831.94	0.0000
24	21	23	22	934434.75	0.0000
25	22	24	23	693171.31	0.0000
26	23	25	24	268433.88	0.0000
27	24	26	25	464910.62	0.0000
28	25	27	26	784168.50	0.0000
29	26	28	27	596211.50	0.0000
30	27	29	28	971568.62	0.0000
31	28	30	29	605636.44	0.0000
32	29	31	30	506969.16	0.0000
33	30	32	31	1083401.62	0.0000
34	31	33	32	349258.75	0.0000
35	32	34	33	263340.84	0.0000
36	33	35	34	95099.05	0.0000
6	1	4	3	264988.25	0.0000
7	2	5	4	395746.53	0.0000
8	3	6	5	1345129.50	0.0000
9	4	7	6	302859.16	0.0000
10	5	8	7	938718.00	0.0000
11	6	9	8	680063.19	0.0000
12	7	10	9	271094.19	0.0000
13	8	11	10	420983.09	0.0000
14	9	12	11	643900.88	0.0000
15	10	13	12	716883.69	0.0000
16	11	14	13	830996.50	0.0000
17	12	15	14	510677.94	0.0000
18	13	16	15	344444.12	0.0000
19	14	17	16	954855.75	0.0000
20	15	18	17	196491.95	0.0000
21	16	19	18	95883.39	0.0000
22	17	20	19	209489.64	0.0000
23	18	21	20	485318.25	0.0000
24	19	22	21	1208758.25	0.0000
25	20	23	22	417138.41	0.0000
26	21	24	23	981314.31	0.0000
27	22	25	24	632873.56	0.0000
28	23	26	25	252530.19	0.0000
29	24	27	26	358151.25	0.0000
30	25	28	27	595943.06	0.0000
31	26	29	28	536521.31	0.0000
32	27	30	29	648005.75	0.0000
33	28	31	30	345435.50	0.0000
34	29	32	31	272564.59	0.0000
35	30	33	32	463093.75	0.0000
36	31	34	33	259898.75	0.0000
8	1	5	4	89765.02	0.0000
9	2	6	5	177996.06	0.0000
10	3	7	6	366818.53	0.0000
11	4	8	7	1149798.75	0.0000
12	5	9	8	371925.28	0.0000
13	6	10	9	904778.38	0.0000
14	7	11	10	628519.56	0.0000
15	8	12	11	219911.48	0.0000
16	9	13	12	326091.94	0.0000
17	10	14	13	545753.75	0.0000
18	11	15	14	469261.41	0.0000
19	12	16	15	499117.31	0.0000
20	13	17	16	236342.02	0.0000
21	14	18	17	159886.11	0.0000
22	15	19	18	274364.88	0.0000
23	16	20	19	90596.27	0.0000
24	17	21	20	149749.16	0.0000
25	18	22	21	381176.88	0.0000
26	19	23	22	1178822.88	0.0000
27	20	24	23	250757.91	0.0000
28	21	25	24	919600.44	0.0000
29	22	26	25	626732.62	0.0000
30	23	27	26	226464.80	0.0000
31	24	28	27	319971.31	0.0000
32	25	29	28	597949.69	0.0000
33	26	30	29	442952.34	0.0000
34	27	31	30	391499.25	0.0000
35	28	32	31	185005.08	0.0000
36	29	33	32	402266.75	0.0000
10	1	6	5	246549.27	0.0000
11	2	7	6	120001.59	0.0000
12	3	8	7	182608.52	0.0000
13	4	9	8	345650.31	0.0000
14	5	10	9	947684.56	0.0000
15	6	11	10	220162.81	0.0000
16	7	12	11	805554.62	0.0000
17	8	13	12	511451.16	0.0000
18	9	14	13	187003.38	0.0000
19	10	15	14	300587.53	0.0000
20	11	16	15	359421.28	0.0000
21	12	17	16	296871.56	0.0000
22	13	18	17	195438.45	0.0000
23	14	19	18	375127.38	0.0000
24	15	20	19	225392.52	0.0000
25	16	21	20	176301.11	0.0000
26	17	22	21	162809.09	0.0000
27	18	23	22	319287.78	0.0000
28	19	24	23	969842.88	0.0000
29	20	25	24	194294.50	0.0000
30	21	26	25	606829.81	0.0000
31	22	27	26	425652.88	0.0000
32	23	28	27	154642.97	0.0000
33	24	29	28	208193.30	0.0000
34	25	30	29	251597.61	0.0000
35	26	31	30	129772.09	0.0000
36	27	32	31	292734.28	0.0000
12	1	7	6	354049.12	0.0000
13	2	8	7	199963.81	0.0000
14	3	9	8	78828.05	0.0000
15	4	10	9	153442.56	0.0000
16	5	11	10	309038.47	0.0000
17	6	12	11	876682.94	0.0000
18	7	13	12	176992.03	0.0000
19	8	14	13	628130.25	0.0000
20	9	15	14	386819.78	0.0000
21	10	16	15	157714.20	0.0000
22	11	17	16	155811.44	0.0000
23	12	18	17	132940.78	0.0000
24	13	19	18	279161.72	0.0000
25	14	20	19	343695.59	0.0000
26	15	21	20	170627.73	0.0000
27	16	22	21	72648.38	0.0000
28	17	23	22	145742.73	0.0000
29	18	24	23	281942.81	0.0000
30	19	25	24	810886.62	0.0000
31	20	26	25	154262.39	0.0000
32	21	27	26	492039.44	0.0000
33	22	28	27	272740.44	0.0000
34	23	29	28	102576.93	0.0000
35	24	30	29	96631.20	0.0000
36	25	31	30	368810.78	0.0000
14	1	8	7	256379.67	0.0000
15	2	9	8	298451.28	0.0000
16	3	10	9	201984.67	0.0000
17	4	11	10	72859.30	0.0000
18	5	12	11	131643.58	0.0000
19	6	13	12	267951.03	0.0000
20	7	14	13	733122.31	0.0000
21	8	15	14	119430.77	0.0000
22	9	16	15	534416.31	0.0000
23	10	17	16	402136.47	0.0000
24	11	18	17	64607.77	0.0000
25	12	19	18	340257.12	0.0000
26	13	20	19	231979.69	0.0000
27	14	21	20	257902.19	0.0000
28	15	22	21	175979.47	0.0000
29	16	23	22	62454.86	0.0000
30	17	24	23	108196.41	0.0000
31	18	25	24	220997.66	0.0000
32	19	26	25	627522.50	0.0000
33	20	27	26	85828.30	0.0000
34	21	28	27	280808.81	0.0000
35	22	29	28	295843.78	0.0000
36	23	30	29	173688.72	0.0000
16	1	9	8	295466.75	0.0000
17	2	10	9	206308.31	0.0000
18	3	11	10	254846.02	0.0000
19	4	12	11	165102.78	0.0000
20	5	13	12	61421.26	0.0000
21	6	14	13	93189.94	0.0000
22	7	15	14	181709.67	0.0000
23	8	16	15	402168.69	0.0000
24	9	17	16	54864.00	0.0000
25	10	18	17	365090.75	0.0000
26	11	19	18	164148.22	0.0000
27	12	20	19	281821.22	0.0000
28	13	21	20	199202.11	0.0000
29	14	22	21	262316.50	0.0000
30	15	23	22	156650.23	0.0000
31	16	24	23	59044.98	0.0000
32	17	25	24	82447.16	0.0000
33	18	26	25	153418.23	0.0000
34	19	27	26	265276.12	0.0000
35	20	28	27	32927.82	0.0000
36	21	29	28	156616.00	0.0000
18	1	10	9	182981.98	0.0000
19	2	11	10	271268.09	0.0000
20	3	12	11	219178.47	0.0000
21	4	13	12	277088.38	0.0000
22	5	14	13	166176.05	0.0000
23	6	15	14	58474.59	0.0000
24	7	16	15	93901.34	0.0000
25	8	17	16	125302.44	0.0000
26	9	18	17	369875.41	0.0000
27	10	19	18	138663.22	0.0000
28	11	20	19	154684.86	0.0000
29	12	21	20	270727.97	0.0000
30	13	22	21	183323.64	0.0000
31	14	23	22	233362.55	0.0000
32	15	24	23	128046.05	0.0000
33	16	25	24	49991.00	0.0000
34	17	26	25	65762.34	0.0000
35	18	27	26	66020.57	0.0000
36	19	28	27	167153.33	0.0000
20	1	11	10	145249.31	0.0000
21	2	12	11	150126.27	0.0000
22	3	13	12	264817.34	0.0000
23	4	14	13	207000.38	0.0000
24	5	15	14	241085.78	0.0000
25	6	16	15	124618.17	0.0000
26	7	17	16	46646.37	0.0000
27	8	18	17	36541.21	0.0000
28	9	19	18	145141.58	0.0000
29	10	20	19	127895.20	0.0000
30	11	21	20	123541.34	0.0000
31	12	22	21	217170.53	0.0000
32	13	23	22	171923.62	0.0000
33	14	24	23	201784.47	0.0000
34	15	25	24	88176.25	0.0000
35	16	26	25	29338.55	0.0000
36	17	27	26	79785.03	0.0000
22	1	12	11	121033.79	0.0000
23	2	13	12	100742.57	0.0000
24	3	14	13	114957.53	0.0000
25	4	15	14	191218.23	0.0000
26	5	16	15	123521.94	0.0000
27	6	17	16	131183.00	0.0000
28	7	18	17	50060.60	0.0000
29	8	19	18	66109.33	0.0000
30	9	20	19	98598.34	0.0000
31	10	21	20	79266.34	0.0000
32	11	22	21	86138.52	0.0000
33	12	23	22	156738.52	0.0000
34	13	24	23	90644.19	0.0000
35	14	25	24	84842.34	0.0000
36	15	26	25	126449.11	0.0000
24	1	13	12	62243.91	0.0000
25	2	14	13	87384.11	0.0000
26	3	15	14	85379.49	0.0000
27	4	16	15	95023.28	0.0000
28	5	17	16	119147.16	0.0000
29	6	18	17	39018.58	0.0000
30	7	19	18	125559.42	0.0000
31	8	20	19	64393.00	0.0000
32	9	21	20	88233.86	0.0000
33	10	22	21	75586.71	0.0000
34	11	23	22	73065.60	0.0000
35	12	24	23	82056.74	0.0000
36	13	25	24	27412.76	0.0000
26	1	14	13	116113.30	0.0000
27	2	15	14	59140.48	0.0000
28	3	16	15	74581.40	0.0000
29	4	17	16	73090.43	0.0000
30	5	18	17	47406.63	0.0000
31	6	19	18	25863.89	0.0000
32	7	20	19	106028.74	0.0000
33	8	21	20	56766.16	0.0000
34	9	22	21	58573.48	0.0000
35	10	23	22	46366.77	0.0000
36	11	24	23	81880.97	0.0000
28	1	15	14	21865.48	0.0000
29	2	16	15	89357.06	0.0000
30	3	17	16	48917.46	0.0000
31	4	18	17	35444.14	0.0000
32	5	19	18	66641.02	0.0000
33	6	20	19	17526.07	0.0000
34	7	21	20	64763.94	0.0000
35	8	22	21	23066.02	0.0000
36	9	23	22	20008.69	0.0000
30	1	16	15	47833.51	0.0000
31	2	17	16	12831.16	0.0000
32	3	18	17	42019.34	0.0000
33	4	19	18	16597.53	0.0000
34	5	20	19	33769.27	0.0000
35	6	21	20	10118.34	0.0000
36	7	22	21	7960.79	0.0000
32	1	17	16	11236.17	0.0000
33	2	18	17	15620.00	0.0000
34	3	19	18	7165.73	0.0000
35	4	20	19	2814.87	0.0000
36	5	21	20	7586.95	0.0000
34	1	18	17	33133.33	0.0000
35	2	19	18	9775.19	0.0000
36	3	20	19	11751.65	0.0000
